585 100000 nb clients, coût fixe d'ouverture
0 3 4715   x, y, poids client
0 4 11626
0 5 2712
0 6 3900
0 7 3836
0 8 1194
1 3 15589
1 4 84870
1 5 23304
1 6 2978
1 7 8749
1 8 3817
1 9 364
1 10 323
2 3 10684
2 4 77239
2 5 22090
2 6 24684
2 7 6639
2 8 5852
2 9 2262
2 10 2386
3 3 5732
3 4 14114
3 5 11128
3 6 6591
3 7 14861
3 8 3973
3 9 4213
3 10 7547
3 11 3216
3 12 16924
3 13 229
4 5 300
4 6 20576
4 7 20898
4 8 11862
4 9 6924
4 10 4237
4 11 6320
4 12 3535
4 13 738
5 5 19
5 6 17381
5 7 44878
5 8 44607
5 9 13457
5 10 23026
5 11 6144
5 12 9512
5 13 9239
5 14 3806
5 15 1099
6 4 12
6 5 573
6 6 4853
6 7 19247
6 8 17087
6 9 10513
6 10 11010
6 11 6067
6 12 4770
6 13 12426
6 14 4559
6 15 3170
7 1 4211
7 2 538
7 3 1150
7 4 7263
7 5 7235
7 6 8964
7 7 30643
7 8 12335
7 9 17552
7 10 11501
7 11 11001
7 12 17365
7 13 12042
7 14 20729
7 15 10298
7 16 5738
7 17 9195
7 18 74240
7 19 10231
8 0 77
8 1 969
8 2 2403
8 3 4889
8 4 20913
8 5 19843
8 6 8340
8 7 3404
8 8 7941
8 9 11597
8 10 12147
8 11 20364
8 12 6032
8 13 23863
8 14 7394
8 15 6797
8 16 4280
8 17 6149
8 18 18925
8 19 4529
9 0 610
9 1 1033
9 2 4603
9 3 17966
9 4 1567
9 5 7614
9 6 3522
9 7 6462
9 8 16251
9 9 12548
9 10 30890
9 11 22526
9 12 14255
9 13 14574
9 14 5336
9 15 9912
9 16 5096
9 17 15012
9 18 9456
9 19 1046
10 0 1969
10 1 957
10 2 4377
10 3 11041
10 4 17157
10 5 552
10 6 2655
10 7 10722
10 8 2140
10 9 2153
10 10 14886
10 11 19550
10 12 17784
10 13 19154
10 14 47350
10 15 13290
10 16 8131
10 17 6546
10 18 7499
10 19 3999
11 0 1716
11 1 37
11 2 171
11 3 2771
11 4 32375
11 5 5424
11 6 2188
11 7 5268
11 8 5984
11 9 2702
11 10 6108
11 11 15942
11 12 44149
11 13 19329
11 14 20245
11 15 20560
11 16 13068
11 17 19626
11 18 9328
11 19 2646
12 0 72
12 1 17
12 2 1161
12 3 3016
12 4 7242
12 5 26293
12 6 1469
12 7 6615
12 8 2603
12 9 5240
12 10 11524
12 11 21904
12 12 67662
12 13 25634
12 14 19671
12 15 37149
12 16 4514
12 17 18123
12 18 27914
12 19 51617
12 20 7385
13 1 1173
13 2 38
13 3 1136
13 4 4811
13 5 7957
13 6 1978
13 7 4962
13 8 9768
13 9 15843
13 10 46962
13 11 17224
13 12 15282
13 13 26035
13 14 19095
13 15 35168
13 16 15113
13 17 8909
13 18 49065
13 19 118940
13 20 15900
14 1 154
14 2 4231
14 3 1777
14 4 1889
14 5 9991
14 6 2071
14 7 117
14 8 1703
14 9 9446
14 10 4654
14 11 6843
14 12 16457
14 13 12819
14 14 13665
14 15 31683
14 16 23780
14 17 11869
14 18 32299
14 19 26386
14 20 10909
15 1 140
15 2 57
15 3 2993
15 4 6554
15 5 12406
15 6 133
15 7 103
15 8 5090
15 9 17793
15 10 2826
15 11 4862
15 12 6941
15 13 4280
15 14 14612
15 15 13392
15 16 46078
15 17 28145
15 18 14741
15 19 26159
15 20 4879
16 1 1881
16 2 191
16 3 427
16 4 964
16 5 12939
16 6 4112
16 7 7
16 8 3318
16 9 5051
16 10 6426
16 11 3000
16 12 7864
16 13 10155
16 14 19427
16 15 24764
16 16 22099
16 17 53061
16 18 15636
16 19 18773
16 20 4424
17 1 2085
17 2 1102
17 3 201
17 4 860
17 5 350
17 6 5969
17 7 369
17 8 9
17 9 926
17 10 11010
17 11 6983
17 12 1365
17 13 11723
17 14 18030
17 15 25620
17 16 27445
17 17 40262
17 18 29282
17 19 17715
17 20 6519
18 4 1236
18 5 2127
18 6 170
18 7 3201
18 8 309
18 9 1985
18 10 1732
18 11 5980
18 12 16113
18 13 55848
18 14 33331
18 15 16510
18 16 22737
18 17 45299
18 18 45230
18 19 22083
18 20 11825
19 3 1656
19 4 816
19 5 1472
19 6 933
19 7 453
19 8 304
19 9 12
19 10 407
19 11 5122
19 12 13506
19 13 13942
19 14 22972
19 15 26477
19 16 27519
19 17 65613
19 18 31932
19 19 10055
19 20 12360
19 21 6581
19 22 2164
20 3 1772
20 4 1007
20 5 2819
20 6 729
20 7 1502
20 8 992
20 9 2631
20 10 457
20 11 1524
20 12 3716
20 13 15865
20 14 11801
20 15 30803
20 16 51778
20 17 136700
20 18 41140
20 19 18504
20 20 21645
20 21 9247
20 22 6332
21 1 9535
21 2 10356
21 3 6428
21 4 6709
21 5 2527
21 6 1865
21 7 4050
21 8 322
21 9 537
21 10 3471
21 11 16759
21 12 3379
21 13 13717
21 14 12210
21 15 33777
21 16 30648
21 17 42553
21 18 49130
21 19 18581
21 20 19826
21 21 19563
21 22 7649
22 0 22134
22 1 17575
22 2 18684
22 3 18459
22 4 19958
22 5 2014
22 6 1437
22 7 4741
22 8 205
22 9 5298
22 10 305
22 11 1704
22 12 2225
22 13 4011
22 14 5127
22 15 31289
22 16 40866
22 17 19883
22 18 20546
22 19 24030
22 20 13884
22 21 33883
22 22 8556
23 0 47522
23 1 26808
23 2 53596
23 3 15444
23 4 9259
23 5 4959
23 6 12627
23 7 5507
23 8 1634
23 9 446
23 10 4156
23 11 247
23 12 2981
23 13 565
23 14 2317
23 15 28057
23 16 12857
23 17 8215
23 18 27703
23 19 23021
23 20 11338
23 21 12089
24 0 59630
24 1 4320
24 2 4898
24 3 4570
24 4 27354
24 5 4018
24 6 1345
24 7 353
24 8 147
24 9 1314
24 10 6307
24 11 448
24 12 2440
24 13 12975
24 14 17317
24 15 8335
24 16 15363
24 17 19074
24 18 37670
24 19 24571
24 20 25663
24 21 7623
25 0 12633
25 1 2209
25 2 10679
25 3 4421
25 4 3502
25 5 2956
25 6 2580
25 7 976
25 8 1394
25 9 2216
25 10 9964
25 11 4113
25 12 2387
25 13 1121
25 14 5032
25 15 6738
25 16 8981
25 17 32633
25 18 20901
25 19 23171
25 20 29002
25 21 8984
26 0 5273
26 1 152
26 2 1723
26 3 6759
26 4 708
26 5 48
26 6 3051
26 7 2011
26 8 1263
26 9 1943
26 10 2505
26 11 7285
26 12 140
26 13 2292
26 14 10709
26 15 5524
26 16 4860
26 17 29717
26 18 37639
26 19 25882
26 20 6896
26 21 8402
27 5 82
27 6 409
27 7 449
27 8 1366
27 9 3805
27 10 8315
27 11 20323
27 12 3046
27 13 18527
27 14 21554
27 15 34446
27 16 11530
27 17 18961
27 18 32480
27 19 2953
27 20 22440
27 21 7525
28 4 299
28 5 958
28 6 1841
28 7 655
28 8 3358
28 9 4221
28 10 5893
28 11 6639
28 12 10782
28 13 7375
28 14 1694
28 15 14226
28 16 41117
28 17 48261
28 18 47262
28 19 9541
28 20 4342
28 21 106
29 4 31
29 5 86
29 6 1152
29 7 1079
29 8 185
29 9 1971
29 10 3813
29 11 2189
29 12 7857
29 13 2944
29 14 1476
29 15 13648
29 16 1553
29 17 18393
29 18 39833
29 19 11876
29 20 2642
30 6 51
30 7 7666
30 8 3766
30 9 129
30 10 1563
30 11 10033
30 12 4918
30 13 1394
30 14 6241
31 4 28
31 5 103
31 6 196
31 7 183
31 8 1499
31 9 1983
31 10 62
31 11 109
31 12 110
31 13 3368
31 14 337
32 4 960
32 5 4033
32 6 1570
32 7 267
32 8 3601
32 9 92
32 10 1610
32 11 419
32 12 128
32 13 1119
33 4 1638
33 5 82
33 6 94
33 7 50
33 8 411
33 9 80
33 10 95
33 11 3809
33 12 44
33 13 1956
33 14 100
34 8 73
34 9 1546
34 10 108
34 11 1723
34 12 861
34 13 910
34 14 2081
35 8 521
35 9 3659
35 10 4878
35 11 2072
35 12 2210
35 13 241
36 8 162
36 9 5880
36 10 687
36 11 451
